0 144 58 80;
0 144 62 80;
0 144 55 80;
473.958 144 55 0;
0 144 62 0;
0 144 58 0;
276.042 144 55 80;
0 144 58 80;
0 144 62 80;
473.958 144 58 0;
0 144 62 0;
0 144 55 0;
276.042 144 58 80;
0 144 62 80;
0 144 55 80;
355.208 144 58 0;
0 144 62 0;
0 144 55 0;
144.792 144 60 80;
0 144 64 80;
0 144 55 80;
473.958 144 64 0;
0 144 55 0;
0 144 60 0;
276.042 144 55 80;
0 144 60 80;
0 144 64 80;
473.958 144 64 0;
0 144 60 0;
0 144 55 0;
276.042 144 60 80;
0 144 64 80;
0 144 55 80;
355.208 144 64 0;
0 144 60 0;
0 144 55 0;
144.792 144 55 80;
0 144 58 80;
0 144 62 80;
473.958 144 58 0;
0 144 62 0;
0 144 55 0;
276.042 144 55 80;
0 144 58 80;
0 144 62 80;
473.958 144 62 0;
0 144 58 0;
0 144 55 0;
276.042 144 55 80;
0 144 62 80;
0 144 58 80;
355.208 144 55 0;
0 144 58 0;
0 144 62 0;
144.792 144 64 80;
0 144 60 80;
0 144 55 80;
1423.96 144 55 0;
0 144 60 0;
0 144 64 0;
1.04167 255 64;
