track 1;
822.857 44;
4.35374 47;
11.61 52;
10.1587 58;
5.80499 62;
5.80499 68;
21.7687 80;
11.61 83;
11.61 86;
5.80499 87;
37.7324 83;
11.61 77;
5.80499 72;
15.9637 58;
11.61 52;
0 49;
10.1587 45;
11.61 42;
5.80499 40;
10.1587 39;
17.415 40;
5.80499 44;
4.35374 51;
27.5737 69;
10.1587 76;
5.80499 79;
11.61 84;
5.80499 87;
10.1587 90;
5.80499 91;
11.61 92;
33.3787 87;
10.1587 83;
11.61 77;
11.61 67;
10.1587 62;
5.80499 59;
15.9637 52;
11.61 50;
5.80499 49;
15.9637 47;
10.1587 46;
5.80499 45;
15.9637 44;
10.1587 43;
5.80499 42;
15.9637 41;
10.1587 40;
10.1587 38;
11.61 37;
11.61 36;
10.1587 35;
13.0612 34;
14.5125 33;
11.61 32;
31.9274 31;
33.3787 30;
306.213 1 2;
436.825 bang;
6299.86 1 2;
500.68 bang;
587.755 31;
4.35374 32;
11.61 33;
11.61 34;
11.61 35;
10.1587 36;
11.61 37;
11.61 38;
21.7687 39;
17.415 40;
123.356 39;
10.1587 38;
11.61 37;
4.35374 35;
11.61 33;
10.1587 32;
0 30;
11.61 27;
11.61 26;
4.35374 24;
5.80499 22;
11.61 21;
4.35374 19;
17.415 17;
10.1587 16;
5.80499 15;
11.61 14;
17.415 13;
4.35374 12;
11.61 11;
11.61 10;
10.1587 9;
5.80499 8;
15.9637 7;
11.61 6;
21.7687 5;
1340.95 EOT;
end;
track 2;
2946.03 z;
432.472 x y;
271.383 x y;
433.923 z;
3333.51 x y;
461.497 z;
3583.13 EOT;
end;
track 3;
4561.27 list a b c;
618.231 symbol a;
298.957 symbol a;
866.395 list a b c;
5117.1 EOT;
end;
